slope ;  slope.sd ;  slope.p ;  DATA ;  Month ;  var ;  N ;  slope.stat_sig
  8.4323812 ;  4.01570353 ;  3.716754e-02 ;  ALL ;   1 ;  DIR_att ;  178 ;   96.28325
 12.0827273 ;  3.98696036 ;  2.844956e-03 ;  ALL ;   2 ;  DIR_att ;  163 ;   99.71550
 -2.5780368 ;  3.17782777 ;  4.182833e-01 ;  ALL ;   3 ;  DIR_att ;  183 ;   58.17167
 -6.0001601 ;  2.32541710 ;  1.062754e-02 ;  ALL ;   4 ;  DIR_att ;  192 ;   98.93725
  2.4082961 ;  1.73929697 ;  1.676397e-01 ;  ALL ;   5 ;  DIR_att ;  211 ;   83.23603
  0.4710716 ;  1.45237513 ;  7.460039e-01 ;  ALL ;   6 ;  DIR_att ;  209 ;   25.39961
  2.8386577 ;  1.50673287 ;  6.134805e-02 ;  ALL ;   7 ;  DIR_att ;  165 ;   93.86520
  0.9753835 ;  1.32612573 ;  4.631172e-01 ;  ALL ;   8 ;  DIR_att ;  160 ;   53.68828
  0.9922933 ;  2.21153323 ;  6.542009e-01 ;  ALL ;   9 ;  DIR_att ;  180 ;   34.57991
 -0.8681828 ;  2.91382113 ;  7.660843e-01 ;  ALL ;  10 ;  DIR_att ;  181 ;   23.39157
 -2.7289944 ;  4.27932909 ;  5.245119e-01 ;  ALL ;  11 ;  DIR_att ;  173 ;   47.54881
-10.8901341 ;  4.22081984 ;  1.074305e-02 ;  ALL ;  12 ;  DIR_att ;  168 ;   98.92570
  1.0572469 ;  0.19914551 ;  1.425235e-07 ;  ALL ;   1 ;  GLB_att ;  812 ;   99.99999
  0.3378867 ;  0.19381379 ;  8.166722e-02 ;  ALL ;   2 ;  GLB_att ;  778 ;   91.83328
  0.1321247 ;  0.17812568 ;  4.584458e-01 ;  ALL ;   3 ;  GLB_att ;  844 ;   54.15542
  0.3561112 ;  0.15059063 ;  1.827532e-02 ;  ALL ;   4 ;  GLB_att ;  816 ;   98.17247
  0.3191208 ;  0.11250117 ;  4.665430e-03 ;  ALL ;   5 ;  GLB_att ;  873 ;   99.53346
 -0.1246662 ;  0.07200341 ;  8.373712e-02 ;  ALL ;   6 ;  GLB_att ;  870 ;   91.62629
  0.2727612 ;  0.06121080 ;  9.488259e-06 ;  ALL ;   7 ;  GLB_att ;  834 ;   99.99905
  0.3706376 ;  0.06026378 ;  1.198474e-09 ;  ALL ;   8 ;  GLB_att ;  837 ;  100.00000
  0.1815776 ;  0.10849340 ;  9.457027e-02 ;  ALL ;   9 ;  GLB_att ;  855 ;   90.54297
  0.5625664 ;  0.16247134 ;  5.616189e-04 ;  ALL ;  10 ;  GLB_att ;  857 ;   99.94384
  0.7374225 ;  0.19210102 ;  1.331336e-04 ;  ALL ;  11 ;  GLB_att ;  827 ;   99.98669
  0.7523067 ;  0.20687891 ;  2.946434e-04 ;  ALL ;  12 ;  GLB_att ;  779 ;   99.97054
  2.0255704 ;  0.47684022 ;  6.277638e-05 ;  CLEAR ;   1 ;  DIR_att ;   75 ;   99.99372
  1.1408606 ;  0.63082880 ;  7.522509e-02 ;  CLEAR ;   2 ;  DIR_att ;   66 ;   92.47749
  0.1460915 ;  0.73881195 ;  8.437919e-01 ;  CLEAR ;   3 ;  DIR_att ;   76 ;   15.62081
 -0.7762545 ;  0.52730841 ;  1.446421e-01 ;  CLEAR ;   4 ;  DIR_att ;   88 ;   85.53579
  1.0864866 ;  0.54963610 ;  5.127542e-02 ;  CLEAR ;   5 ;  DIR_att ;   88 ;   94.87246
  0.7796811 ;  0.38005929 ;  4.221379e-02 ;  CLEAR ;   6 ;  DIR_att ;  133 ;   95.77862
 -0.3986800 ;  0.46298016 ;  3.907119e-01 ;  CLEAR ;   7 ;  DIR_att ;  136 ;   60.92881
 -0.1394351 ;  0.47847454 ;  7.711873e-01 ;  CLEAR ;   8 ;  DIR_att ;  135 ;   22.88127
  1.0087599 ;  0.51534179 ;  5.265465e-02 ;  CLEAR ;   9 ;  DIR_att ;  120 ;   94.73454
 -0.2818947 ;  0.69171787 ;  6.844824e-01 ;  CLEAR ;  10 ;  DIR_att ;  103 ;   31.55176
 -0.6720226 ;  0.77661183 ;  3.909928e-01 ;  CLEAR ;  11 ;  DIR_att ;   52 ;   60.90072
  0.9089041 ;  0.43762520 ;  4.210075e-02 ;  CLEAR ;  12 ;  DIR_att ;   62 ;   95.78993
  0.5080156 ;  0.05580422 ;  1.477510e-17 ;  CLEAR ;   1 ;  GLB_att ;  291 ;  100.00000
  0.4377748 ;  0.06711628 ;  2.917596e-10 ;  CLEAR ;   2 ;  GLB_att ;  303 ;  100.00000
  0.2753554 ;  0.08322226 ;  1.029887e-03 ;  CLEAR ;   3 ;  GLB_att ;  370 ;   99.89701
  0.1759721 ;  0.08677148 ;  4.327690e-02 ;  CLEAR ;   4 ;  GLB_att ;  372 ;   95.67231
  0.2460948 ;  0.08114064 ;  2.554665e-03 ;  CLEAR ;   5 ;  GLB_att ;  476 ;   99.74453
  0.1458602 ;  0.06524742 ;  2.573289e-02 ;  CLEAR ;   6 ;  GLB_att ;  635 ;   97.42671
  0.1110062 ;  0.05323988 ;  3.743403e-02 ;  CLEAR ;   7 ;  GLB_att ;  693 ;   96.25660
  0.1891486 ;  0.05501364 ;  6.227779e-04 ;  CLEAR ;   8 ;  GLB_att ;  655 ;   99.93772
  0.2093477 ;  0.05816961 ;  3.486652e-04 ;  CLEAR ;   9 ;  GLB_att ;  547 ;   99.96513
  0.2275673 ;  0.07135577 ;  1.543212e-03 ;  CLEAR ;  10 ;  GLB_att ;  388 ;   99.84568
  0.3959301 ;  0.06940297 ;  3.076462e-08 ;  CLEAR ;  11 ;  GLB_att ;  270 ;  100.00000
  0.5281456 ;  0.06311368 ;  4.000970e-15 ;  CLEAR ;  12 ;  GLB_att ;  255 ;  100.00000
